10	5.32907e-16
15	2.53765e-16
20	1.77636e-16
25	8.88178e-16
30	1.18424e-15
35	2.29881e-15
40	3.55271e-16
45	2.4223e-15
50	1.84741e-15
55	2.63164e-15
60	4.73695e-16
65	2.22045e-16
70	4.06024e-16
75	1.34427e-15
80	1.59872e-15
85	1.69177e-16
90	2.05268e-15
95	3.02359e-15
100	7.10543e-15
105	2.8671e-15
110	1.55028e-15
115	2.8671e-15
120	1.77636e-15
125	1.71906e-15
130	2.18629e-15
135	6.36307e-16
140	1.07596e-14
145	1.18424e-15
150	3.78956e-15
155	1.47645e-15
160	2.30926e-15
165	3.46606e-15
170	6.01871e-15
175	2.94018e-15
